./Data/Apache_AllMeasurements.csv, 0.05, 0.217944947177, 34.0, 3.93700393701
./Data/BDBC_AllMeasurements.csv, 17.95, 40.5419227467, 41.65, 7.03046940111
./Data/Dune.csv, 13.45, 24.4917843368, 40.25, 7.18244387378
./Data/HSMGP_num.csv, 2.95, 2.41816045787, 44.4, 6.20805927807
./Data/lrzip.csv, 0.65, 0.909670269933, 37.1, 5.4580216196
./Data/rs-6d-c3_obj1.csv, 19.55, 32.5261049005, 41.65, 8.6039235236
./Data/rs-6d-c3_obj2.csv, 14.0, 21.6979261682, 37.65, 5.16986460171
./Data/sol-6d-c2-obj1.csv, 24.55, 26.4924045719, 37.2, 5.17300686255
./Data/sol-6d-c2-obj2.csv, 1.85, 3.82459148145, 41.7, 4.5066617357
./Data/sort_256_obj2.csv, 0.0, 0.0, 33.3, 1.34536240471
./Data/SQL_AllMeasurements.csv, 153.4, 132.025149119, 32.15, 3.70506410201
./Data/wc+rs-3d-c4-obj1.csv, 0.0, 0.0, 33.35, 2.8857408061
./Data/wc+rs-3d-c4-obj2.csv, 0.3, 0.556776436283, 36.15, 3.74533042601
./Data/wc+sol-3d-c4-obj1.csv, 0.0, 0.0, 35.1, 3.20780298647
./Data/wc+sol-3d-c4-obj2.csv, 0.15, 0.476969600708, 34.45, 4.2364489847
./Data/wc+wc-3d-c4-obj1.csv, 0.2, 0.871779788708, 36.6, 2.92232783924
./Data/wc+wc-3d-c4-obj2.csv, 0.75, 2.16506350946, 38.8, 6.53146231712
./Data/wc-3d-c4_obj2.csv, 1.05, 0.739932429347, 37.4, 5.13225096814
./Data/wc-6d-c1-obj1.csv, 3.8, 4.23792402008, 38.65, 7.20607382699
./Data/wc-6d-c1-obj2.csv, 2.75, 7.38833540116, 40.1, 7.42899724054
./Data/WGet.csv, 1.85, 2.98789223367, 33.8, 5.45527267879
./Data/X264_AllMeasurements.csv, 0.0, 0.0, 41.4, 4.07921561087
