./Data/Apache_AllMeasurements.csv, 0.55, 1.49916643506, 66.1, 7.81600921187
./Data/BDBC_AllMeasurements.csv, 7.35, 15.8249012635, 562.85, 7.53176606116
./Data/Dune.csv, 2.1, 1.67032930885, 602.0, 58.8566054067
./Data/HSMGP_num.csv, 0.9, 0.943398113206, 1138.8, 60.0104990814
./Data/lrzip.csv, 0.0, 0.0, 196.05, 28.9990948135
./Data/rs-6d-c3_obj1.csv, 0.1, 0.3, 1522.5, 234.882630265
./Data/rs-6d-c3_obj2.csv, 1.3, 1.48660687473, 1492.2, 164.903790132
./Data/sol-6d-c2-obj1.csv, 2.8, 2.67581763205, 1728.0, 0.0
./Data/sol-6d-c2-obj2.csv, 0.35, 0.476969600708, 1726.0, 0.0
./Data/sort_256_obj2.csv, 0.0, 0.0, 74.3, 13.2857066052
./Data/SQL_AllMeasurements.csv, 13.25, 13.5457557929, 950.0, 0.0
./Data/wc+rs-3d-c4-obj1.csv, 0.0, 0.0, 112.0, 13.6308473691
./Data/wc+rs-3d-c4-obj2.csv, 0.05, 0.217944947177, 126.0, 0.0
./Data/wc+sol-3d-c4-obj1.csv, 0.0, 0.0, 109.75, 14.7304955789
./Data/wc+sol-3d-c4-obj2.csv, 0.0, 0.0, 126.0, 0.0
./Data/wc+wc-3d-c4-obj1.csv, 0.05, 0.217944947177, 109.25, 18.2260116317
./Data/wc+wc-3d-c4-obj2.csv, 0.2, 0.678232998313, 126.0, 0.0
./Data/wc-3d-c4_obj2.csv, 0.45, 0.920597631976, 445.5, 49.3188604897
./Data/wc-6d-c1-obj1.csv, 0.65, 1.06183802908, 1015.2, 139.899821301
./Data/wc-6d-c1-obj2.csv, 0.25, 0.536190264738, 979.3, 104.827048036
./Data/WGet.csv, 1.8, 1.74928556845, 72.35, 18.4425459197
./Data/X264_AllMeasurements.csv, 2.9, 5.43046959295, 255.1, 3.79341534768
