./Data/Apache_AllMeasurements.csv, 0.3, 0.9, 79.15, 16.423382721
./Data/BDBC_AllMeasurements.csv, 16.1, 22.3693987402, 564.7, 31.1112519838
./Data/Dune.csv, 11.5, 16.9248338249, 511.8, 23.988747362
./Data/HSMGP_num.csv, 5.9, 8.84251095561, 730.1, 14.4079838978
./Data/lrzip.csv, 0.3, 0.714142842854, 130.65, 21.2515293567
./Data/rs-6d-c3_obj1.csv, 13.95, 17.3161052203, 813.0, 23.2034480196
./Data/rs-6d-c3_obj2.csv, 10.3, 31.6561210511, 816.85, 23.2578481378
./Data/sol-6d-c2-obj1.csv, 9.5, 11.3907857499, 618.65, 17.4879244051
./Data/sol-6d-c2-obj2.csv, 11.85, 19.165789835, 611.85, 16.7817609326
./Data/sort_256_obj2.csv, 0.0, 0.0, 75.9, 10.3629146479
./Data/SQL_AllMeasurements.csv, 23.0, 37.4285986914, 980.45, 34.0036395111
./Data/wc+rs-3d-c4-obj1.csv, 0.75, 2.44693686065, 76.8, 11.4525106418
./Data/wc+rs-3d-c4-obj2.csv, 0.4, 1.11355287257, 70.35, 7.6372442674
./Data/wc+sol-3d-c4-obj1.csv, 0.2, 0.6, 76.45, 14.4099791811
./Data/wc+sol-3d-c4-obj2.csv, 0.55, 1.77411949992, 77.5, 16.0888159912
./Data/wc+wc-3d-c4-obj1.csv, 0.6, 2.03469899494, 77.0, 12.9460418661
./Data/wc+wc-3d-c4-obj2.csv, 0.5, 0.866025403784, 71.0, 11.9540788018
./Data/wc-3d-c4_obj2.csv, 0.9, 2.14242852856, 190.45, 16.6267104383
./Data/wc-6d-c1-obj1.csv, 11.95, 31.3854663818, 625.4, 36.9166629044
./Data/wc-6d-c1-obj2.csv, 4.4, 6.11882341631, 615.75, 11.8906475854
./Data/WGet.csv, 2.35, 2.66973781484, 79.35, 12.7956047141
./Data/X264_AllMeasurements.csv, 0.55, 1.20312094155, 291.6, 28.4928061096
